 CARTESIAN COORDINATES: NUMAT =   12
    1    6        2.7935180600       -0.6508861600       -0.0267709500
    2    6        1.5997524000       -1.3726855100       -0.0381175700
    3    6        0.3878597600       -0.6951073800       -0.0332565500
    4    6        0.3649035200        0.7058692700       -0.0081465600
    5    6        1.5531641600        1.4225207900        0.0031370900
    6    6        2.7705687000        0.7405642500       -0.0068738900
    7    1        3.7434235000       -1.1775334100       -0.0335179600
    8    1        1.6152705200       -2.4597362400       -0.0533515200
    9    1        1.5342513700        2.5094482200        0.0205634300
   10    1        3.7020704200        1.2988234900        0.0016543400
   11    1       -0.6130883900       -1.1519353400       -0.0228364400
   12    1       -0.6319289900        1.1428173600       -0.0045063000
 
 ENERGY, CARTESIAN AND INTERNAL GRADIENT NORM
             -19509.2110725760        0.0000000000        0.0000000000
 
