 CARTESIAN COORDINATES: NUMAT =   11
    1    6        4.6486156800        1.7395695200       13.3293942500
    2    6        3.7922066800        2.0187498500       12.2693082000
    3    1        2.9647683500        1.3585208000       12.0360698700
    4    6        4.0093626200        3.1802567800       11.5379053500
    5    1        3.3306484400        3.4514472500       10.7402341900
    6    6        5.0744610400        4.0059881800       11.8878135300
    7    1        5.2218061800        4.9423946900       11.3655445800
    8    7        5.9185519200        3.7447595100       12.8999046100
    9    6        5.6849641600        2.6412094300       13.6060457500
   10    1        6.3296543300        2.4958622800       14.4690700100
   11    1        4.4576311400        0.9189084400       13.9880024500
 
 ENERGY, CARTESIAN AND INTERNAL GRADIENT NORM
             -21130.2656576168        0.0000000000        0.0000000000
 
