 CARTESIAN COORDINATES: NUMAT =    5
    1    1        0.0000000000        0.0000000000        0.0000000000
    2    6        1.0956000000        0.0000000000        0.0000000000
    3    1        1.4325200000        0.0000000000        1.0412500000
    4    1        1.5051100000        0.8666100000       -0.5510300000
    5    1        1.4277900000       -0.9365100000       -0.4571700000
 
 ENERGY, CARTESIAN AND INTERNAL GRADIENT NORM
              -4310.0954479914        0.0000000000        0.0000000000
 
