 CARTESIAN COORDINATES: NUMAT =    5
    1    1        0.0000000000        0.0000000000        0.0000000000
    2    6        1.0988000000        0.0000000000        0.0000000000
    3    1        1.4458200000        0.0000000000        1.0425600000
    4    1        1.5043600000       -0.8522400000       -0.5408500000
    5    1        1.5043600000        0.8522400000       -0.5408500000
 
 ENERGY, CARTESIAN AND INTERNAL GRADIENT NORM
              -4309.7005568846        0.0000000000        0.0000000000
 
