 CARTESIAN COORDINATES: NUMAT =    8
    1    8        0.7526800000       -2.2245300000        0.4472100000
    2    6       -0.3369800000       -1.8176000000        0.0028700000
    3    6       -0.7731500000       -0.4392400000        0.1512400000
    4    6       -1.0148300000        0.2903100000       -0.9641900000
    5    1       -0.9639800000       -2.5053600000       -0.5495800000
    6    1       -1.0156000000       -0.0013000000        1.1192000000
    7    1       -0.7625200000       -0.1166100000       -1.9421300000
    8    1       -1.3810000000        1.2797200000       -0.9279200000
 
 ENERGY, CARTESIAN AND INTERNAL GRADIENT NORM
             -17742.1884047136        0.0000000000        0.0000000000
 
