2 16 32000 16
3 16 32000 16
4 16 32000 16
5 16 32000 16
6 16 32000 16
8 16 32000 16
13 15 32768 32
14 32 32000 32
16 32 32000 32
17 16 32000 16
19 31 32000 32
20 32 32000 32
21 32 32000 32
22 32 32000 32
23 32 32000 32
24 32 32000 32
25 28 32000 32
26 31 32000 32
27 32 32000 32
28 32 32000 32
29 32 32000 32
30 16 32000 16
31 16 32000 16
32 16 32000 16
33 16 32000 16
34 20 32000 20
36 20 32000 20
37 20 32000 20
42 19 32000 20
43 20 32000 20
44 20 32000 20
47 19 32000 20
48 20 32000 20
54 23 32000 24
55 24 32000 24
60 24 32000 24
62 24 32000 24
64 24 32000 24
65 23 32000 24
67 24 32000 24
68 24 32000 24
69 24 32000 24
70 23 32000 24
71 24 32000 24
72 24 32000 24
73 24 32000 24
74 24 32000 24
75 24 32000 24
76 24 32000 24
77 24 32000 24
78 24 32000 24
79 24 32000 24
81 24 32000 24
82 24 32000 24
83 23 32000 24
84 24 32000 24
85 24 32000 24
87 24 32000 24
89 24 32000 24
91 15 32000 24
92 24 32000 24
93 24 32000 24
94 24 32000 24
100 12 32000 24
102 32 8192 32
103 32 8192 32
104 31 8192 32
105 31 8192 32
106 32 8192 32
107 32 8192 32
108 32 8192 32
