2 6 
5 11 
6 14 
7 15 
7 31 
8 16 
9 17 
10 18 
10 30 
11 19 
12 20 
13 21 
32 36 
33 37 
47 48 
47 58 
48 47 58 
48 49 
48 50 
47 48 49 
47 48 50 
49 48 50 
50 51 
48 50 51 
51 52 
51 53 
51 54 
50 51 52 
50 51 53 
50 51 54 
52 51 53 
52 51 54 
53 51 54 
54 55 
54 56 
54 57 
51 54 55 
51 54 56 
51 54 57 
55 54 56 
55 54 57 
56 54 57 
58 59 
58 60 
58 61 
47 58 59 
47 58 60 
47 58 61 
59 58 60 
59 58 61 
60 58 61 
63 73 
73 74 
73 75 
73 79 
63 73 74 
63 73 75 
63 73 79 
74 73 75 
74 73 79 
75 73 79 
75 76 
75 77 
75 78 
73 75 76 
73 75 77 
73 75 78 
76 75 77 
76 75 78 
77 75 78 
79 80 
79 81 
79 82 
73 79 80 
73 79 81 
73 79 82 
80 79 81 
80 79 82 
81 79 82 
1 41 
1 47 
2 8 
3 7 
3 9 
7 3 9 
4 10 
4 12 
10 4 12 
5 13 
8 33 
2 8 33 
9 33 
3 9 33 
12 32 
4 12 32 
13 32 
5 13 32 
12 32 13 
8 33 9 
38 41 
38 45 
41 38 45 
1 2 
1 3 
1 4 
1 5 
1 41 
