12 24 
20 35 
24 37 
12 24 37 
27 40 
31 43 
35 45 
20 35 45 
37 46 
24 37 46 
40 48 
27 40 48 
43 50 
31 43 50 
45 51 
35 45 51 
48 54 
40 48 54 
50 55 
43 50 55 
58 71 
66 82 
71 85 
58 71 85 
73 87 
77 90 
82 93 
66 82 93 
85 94 
71 85 94 
87 96 
73 87 96 
90 98 
77 90 98 
93 99 
82 93 99 
96 102 
87 96 102 
98 103 
90 98 103 
139 140 
139 141 
139 142 
140 139 141 
140 139 142 
141 139 142 
140 143 
140 144 
139 140 143 
139 140 144 
143 140 144 
141 145 
141 146 
139 141 145 
139 141 146 
145 141 146 
143 147 
143 148 
140 143 147 
140 143 148 
147 143 148 
145 147 
145 149 
141 145 147 
141 145 149 
147 145 149 
147 150 
143 147 145 
143 147 150 
145 147 150 
151 152 
151 153 
151 154 
152 151 153 
152 151 154 
153 151 154 
152 155 
152 156 
151 152 155 
151 152 156 
155 152 156 
155 157 
155 158 
155 159 
152 155 157 
152 155 158 
152 155 159 
157 155 158 
157 155 159 
158 155 159 
156 160 
156 161 
152 156 160 
152 156 161 
160 156 161 
160 162 
160 163 
156 160 162 
156 160 163 
162 160 163 
1 2 
1 3 
1 6 
1 7 
106 118 
114 118 
118 121 
118 125 
2 4 
2 5 
4 2 5 
3 8 
3 9 
8 3 9 
4 10 
4 11 
2 4 10 
2 4 11 
10 4 11 
5 12 
5 13 
2 5 12 
2 5 13 
12 5 13 
6 14 
6 15 
14 6 15 
7 16 
7 17 
16 7 17 
8 18 
8 19 
3 8 18 
3 8 19 
18 8 19 
9 20 
9 21 
3 9 20 
3 9 21 
20 9 21 
10 22 
10 23 
4 10 22 
4 10 23 
22 10 23 
12 22 
5 12 22 
14 25 
14 26 
6 14 25 
6 14 26 
25 14 26 
15 27 
15 28 
6 15 27 
6 15 28 
27 15 28 
16 29 
16 30 
7 16 29 
7 16 30 
29 16 30 
17 31 
17 32 
7 17 31 
7 17 32 
31 17 32 
18 33 
18 34 
8 18 33 
8 18 34 
33 18 34 
20 33 
9 20 33 
22 36 
10 22 12 
10 22 36 
12 22 36 
25 38 
25 39 
14 25 38 
14 25 39 
38 25 39 
27 38 
15 27 38 
29 41 
29 42 
16 29 41 
16 29 42 
41 29 42 
31 41 
17 31 41 
33 44 
18 33 20 
18 33 44 
20 33 44 
38 47 
25 38 27 
25 38 47 
27 38 47 
41 49 
29 41 31 
29 41 49 
31 41 49 
94 100 
94 101 
100 94 101 
99 104 
99 105 
104 99 105 
100 106 
100 107 
94 100 106 
94 100 107 
106 100 107 
101 108 
101 109 
94 101 108 
94 101 109 
108 101 109 
102 110 
102 111 
110 102 111 
103 112 
103 113 
112 103 113 
104 114 
104 115 
99 104 114 
99 104 115 
114 104 115 
105 116 
105 117 
99 105 116 
99 105 117 
116 105 117 
106 119 
100 106 119 
108 119 
108 120 
101 108 119 
101 108 120 
119 108 120 
110 121 
110 122 
102 110 121 
102 110 122 
121 110 122 
111 123 
111 124 
102 111 123 
102 111 124 
123 111 124 
112 125 
112 126 
103 112 125 
103 112 126 
125 112 126 
113 127 
113 128 
103 113 127 
103 113 128 
127 113 128 
114 129 
104 114 129 
116 129 
116 130 
105 116 129 
105 116 130 
129 116 130 
119 131 
106 119 108 
106 119 131 
108 119 131 
121 132 
110 121 132 
123 132 
123 133 
111 123 132 
111 123 133 
132 123 133 
125 134 
112 125 134 
127 134 
127 135 
113 127 134 
113 127 135 
134 127 135 
129 136 
114 129 116 
114 129 136 
116 129 136 
132 137 
121 132 123 
121 132 137 
123 132 137 
134 138 
125 134 127 
125 134 138 
127 134 138 
1 2 
1 3 
1 6 
1 7 
106 118 
114 118 
118 121 
118 125 
