 CARTESIAN COORDINATES: NUMAT =    5
    1    1        0.0000000000        0.0000000000        0.0000000000
    2    6        1.0961000000        0.0000000000        0.0000000000
    3    1        1.4082500000        0.0000000000        1.0497700000
    4    1        1.4740800000        0.9220300000       -0.5033300000
    5    1        1.4622000000       -0.9213200000       -0.4902900000
 
 ENERGY, CARTESIAN AND INTERNAL GRADIENT NORM
              -4309.7456624028        0.0000000000        0.0000000000
 
