 CARTESIAN COORDINATES: NUMAT =    5
    1    1        0.0000000000        0.0000000000        0.0000000000
    2    6        1.1001000000        0.0000000000        0.0000000000
    3    1        1.4496800000        0.0000000000        1.0454000000
    4    1        1.5504500000       -0.8861500000       -0.5992900000
    5    1        1.4473400000        0.9152500000       -0.4866500000
 
 ENERGY, CARTESIAN AND INTERNAL GRADIENT NORM
              -4307.9241170515        0.0000000000        0.0000000000
 
