2 4 
2 5 
4 2 5 
3 9 
3 10 
9 3 10 
4 11 
2 4 11 
5 12 
2 5 12 
6 13 
6 14 
13 6 14 
9 19 
3 9 19 
10 20 
3 10 20 
11 12 
11 21 
11 22 
4 11 12 
4 11 21 
4 11 22 
12 11 21 
12 11 22 
21 11 22 
12 23 
12 24 
5 12 11 
5 12 23 
5 12 24 
11 12 23 
11 12 24 
23 12 24 
13 25 
6 13 25 
14 26 
6 14 26 
15 17 
19 20 
19 33 
19 34 
9 19 20 
9 19 33 
9 19 34 
20 19 33 
20 19 34 
33 19 34 
20 35 
20 36 
10 20 19 
10 20 35 
10 20 36 
19 20 35 
19 20 36 
35 20 36 
25 26 
25 37 
25 38 
13 25 26 
13 25 37 
13 25 38 
26 25 37 
26 25 38 
37 25 38 
26 39 
26 40 
14 26 25 
14 26 39 
14 26 40 
25 26 39 
25 26 40 
39 26 40 
1 7 
1 8 
1 2 
1 3 
1 6 
2 1 3 
2 1 6 
3 1 6 
15 17 
1 7 
1 8 
