1 2 
1 8 
1 19 
2 1 8 
2 1 19 
8 1 19 
2 3 
2 7 
1 2 3 
1 2 7 
3 2 7 
3 4 
3 5 
3 6 
2 3 4 
2 3 5 
2 3 6 
4 3 5 
4 3 6 
5 3 6 
8 9 
8 10 
1 8 9 
1 8 10 
9 8 10 
9 11 
9 12 
8 9 11 
8 9 12 
11 9 12 
10 13 
10 14 
8 10 13 
8 10 14 
13 10 14 
11 15 
11 16 
9 11 15 
9 11 16 
15 11 16 
13 15 
13 17 
10 13 15 
10 13 17 
15 13 17 
15 18 
11 15 13 
11 15 18 
13 15 18 
20 24 
20 63 
24 20 63 
21 35 
21 55 
21 64 
35 21 55 
35 21 64 
55 21 64 
22 43 
22 51 
22 64 
43 22 51 
43 22 64 
51 22 64 
23 59 
23 61 
23 64 
59 23 61 
59 23 64 
61 23 64 
24 25 
24 33 
20 24 25 
20 24 33 
25 24 33 
25 26 
25 27 
24 25 26 
24 25 27 
26 25 27 
27 28 
27 29 
25 27 28 
25 27 29 
28 27 29 
29 30 
29 31 
27 29 30 
27 29 31 
30 29 31 
31 32 
31 33 
29 31 32 
29 31 33 
32 31 33 
33 34 
24 33 31 
24 33 34 
31 33 34 
35 36 
35 41 
21 35 36 
21 35 41 
36 35 41 
36 37 
36 44 
35 36 37 
35 36 44 
37 36 44 
37 38 
37 85 
36 37 38 
36 37 85 
38 37 85 
38 39 
38 86 
37 38 39 
37 38 86 
39 38 86 
39 40 
39 41 
38 39 40 
38 39 41 
40 39 41 
41 42 
35 41 39 
35 41 42 
39 41 42 
43 44 
43 49 
22 43 44 
22 43 49 
44 43 49 
44 45 
36 44 43 
36 44 45 
43 44 45 
45 46 
45 82 
44 45 46 
44 45 82 
46 45 82 
46 47 
46 81 
45 46 47 
45 46 81 
47 46 81 
47 48 
47 49 
46 47 48 
46 47 49 
48 47 49 
49 50 
43 49 47 
43 49 50 
47 49 50 
51 52 
51 53 
51 54 
22 51 52 
22 51 53 
22 51 54 
52 51 53 
52 51 54 
53 51 54 
55 56 
55 57 
55 58 
21 55 56 
21 55 57 
21 55 58 
56 55 57 
56 55 58 
57 55 58 
59 60 
59 73 
59 77 
23 59 60 
23 59 73 
23 59 77 
60 59 73 
60 59 77 
73 59 77 
61 62 
61 65 
61 69 
23 61 62 
23 61 65 
23 61 69 
62 61 65 
62 61 69 
65 61 69 
63 64 
20 63 64 
21 64 22 
21 64 23 
21 64 63 
22 64 23 
22 64 63 
23 64 63 
65 66 
65 67 
65 68 
61 65 66 
61 65 67 
61 65 68 
66 65 67 
66 65 68 
67 65 68 
69 70 
69 71 
69 72 
61 69 70 
61 69 71 
61 69 72 
70 69 71 
70 69 72 
71 69 72 
73 74 
73 75 
73 76 
59 73 74 
59 73 75 
59 73 76 
74 73 75 
74 73 76 
75 73 76 
77 78 
77 79 
77 80 
59 77 78 
59 77 79 
59 77 80 
78 77 79 
78 77 80 
79 77 80 
81 84 
81 89 
46 81 84 
46 81 89 
84 81 89 
82 83 
82 92 
45 82 83 
45 82 92 
83 82 92 
83 84 
83 91 
82 83 84 
82 83 91 
84 83 91 
84 90 
81 84 83 
81 84 90 
83 84 90 
85 88 
85 93 
37 85 88 
37 85 93 
88 85 93 
86 87 
86 96 
38 86 87 
38 86 96 
87 86 96 
87 88 
87 95 
86 87 88 
86 87 95 
88 87 95 
88 94 
85 88 87 
85 88 94 
87 88 94 
